alpha=1.000000
beta=0.100000
ntopics=10
ndocs=222
nwords=2515
liter=1000
