Adblock 0.086207 0.051724 0.362069 0.017241 0.051724 0.017241 0.017241 0.189655 0.068966 0.137931 
Have 0.095238 0.190476 0.047619 0.047619 0.095238 0.047619 0.142857 0.047619 0.095238 0.190476 
Are 0.057471 0.218391 0.126437 0.011494 0.229885 0.103448 0.034483 0.034483 0.045977 0.137931 
Who 0.055556 0.111111 0.037037 0.055556 0.037037 0.259259 0.166667 0.037037 0.148148 0.092593 
Few 0.131313 0.141414 0.181818 0.202020 0.040404 0.090909 0.040404 0.010101 0.040404 0.121212 
This 0.033333 0.100000 0.266667 0.133333 0.133333 0.133333 0.066667 0.033333 0.033333 0.066667 
Really 0.066667 0.066667 0.066667 0.066667 0.066667 0.200000 0.066667 0.133333 0.066667 0.200000 
The 0.015152 0.121212 0.242424 0.181818 0.045455 0.015152 0.015152 0.136364 0.166667 0.060606 
I\'ve 0.285714 0.285714 0.035714 0.071429 0.035714 0.071429 0.071429 0.035714 0.035714 0.071429 
This 0.069767 0.046512 0.046512 0.023256 0.325581 0.116279 0.023256 0.023256 0.093023 0.232558 
Like 0.043478 0.028986 0.115942 0.014493 0.115942 0.130435 0.028986 0.144928 0.028986 0.347826 
Top 0.341463 0.097561 0.073171 0.121951 0.024390 0.097561 0.024390 0.073171 0.048780 0.097561 
DownloadHelper=Integrity. 0.060606 0.121212 0.030303 0.060606 0.030303 0.272727 0.030303 0.060606 0.151515 0.181818 
Works 0.105263 0.052632 0.105263 0.157895 0.105263 0.052632 0.105263 0.052632 0.052632 0.210526 
Works 0.105263 0.052632 0.105263 0.052632 0.210526 0.157895 0.157895 0.052632 0.052632 0.052632 
Of 0.019231 0.076923 0.230769 0.076923 0.038462 0.057692 0.153846 0.307692 0.019231 0.019231 
Every 0.027027 0.342342 0.018018 0.027027 0.108108 0.009009 0.189189 0.027027 0.198198 0.054054 
One 0.055556 0.055556 0.055556 0.111111 0.055556 0.055556 0.277778 0.222222 0.055556 0.055556 
Works 0.066667 0.066667 0.066667 0.333333 0.066667 0.133333 0.066667 0.066667 0.066667 0.066667 
I 0.215190 0.113924 0.164557 0.037975 0.037975 0.025316 0.025316 0.012658 0.012658 0.354430 
OMG 0.028169 0.084507 0.056338 0.028169 0.098592 0.295775 0.042254 0.056338 0.014085 0.295775 
Works 0.047619 0.047619 0.190476 0.142857 0.190476 0.142857 0.095238 0.047619 0.047619 0.047619 
Yesterday 0.090226 0.022556 0.082707 0.007519 0.045113 0.037594 0.015038 0.037594 0.345865 0.315789 
Keeps 0.100000 0.233333 0.266667 0.066667 0.033333 0.066667 0.033333 0.033333 0.033333 0.133333 
Every 0.010000 0.010000 0.380000 0.310000 0.060000 0.090000 0.070000 0.040000 0.010000 0.020000 
yeah 0.333333 0.179487 0.102564 0.025641 0.025641 0.102564 0.076923 0.102564 0.025641 0.025641 
Are 0.095238 0.047619 0.047619 0.095238 0.190476 0.142857 0.047619 0.190476 0.095238 0.047619 
Flash 0.087719 0.035088 0.263158 0.175439 0.140351 0.052632 0.035088 0.017544 0.052632 0.140351 
Wow! 0.034483 0.103448 0.137931 0.086207 0.224138 0.017241 0.017241 0.034483 0.017241 0.327586 
A 0.031250 0.156250 0.312500 0.031250 0.062500 0.031250 0.093750 0.125000 0.093750 0.062500 
Now 0.106061 0.075758 0.257576 0.030303 0.015152 0.045455 0.045455 0.075758 0.151515 0.196970 
Seems 0.222222 0.055556 0.055556 0.055556 0.055556 0.055556 0.111111 0.166667 0.055556 0.166667 
Does 0.058824 0.235294 0.058824 0.029412 0.147059 0.029412 0.205882 0.088235 0.029412 0.117647 
This 0.095238 0.190476 0.142857 0.047619 0.095238 0.047619 0.047619 0.047619 0.142857 0.142857 
I 0.015385 0.092308 0.261538 0.169231 0.061538 0.030769 0.030769 0.092308 0.046154 0.200000 
Works 0.083333 0.166667 0.083333 0.083333 0.083333 0.166667 0.083333 0.083333 0.083333 0.083333 
It's 0.051948 0.025974 0.103896 0.025974 0.012987 0.129870 0.077922 0.181818 0.051948 0.337662 
Adblock 0.089744 0.038462 0.051282 0.115385 0.141026 0.269231 0.102564 0.012821 0.064103 0.115385 
many 0.055556 0.277778 0.222222 0.055556 0.111111 0.055556 0.055556 0.055556 0.055556 0.055556 
you 0.119048 0.047619 0.071429 0.023810 0.166667 0.119048 0.190476 0.095238 0.095238 0.071429 
I 0.100000 0.100000 0.050000 0.050000 0.050000 0.250000 0.100000 0.050000 0.050000 0.200000 
the 0.027027 0.027027 0.270270 0.108108 0.054054 0.108108 0.081081 0.108108 0.081081 0.135135 
Thanks 0.057692 0.153846 0.173077 0.096154 0.057692 0.038462 0.269231 0.057692 0.038462 0.057692 
????\A8\A6??????????VideoDownloader 0.153846 0.076923 0.153846 0.076923 0.076923 0.076923 0.076923 0.076923 0.076923 0.153846 
one 0.090909 0.121212 0.090909 0.060606 0.030303 0.424242 0.090909 0.030303 0.030303 0.030303 
you 0.107143 0.035714 0.214286 0.214286 0.035714 0.107143 0.035714 0.071429 0.035714 0.142857 
Very 0.304348 0.130435 0.086957 0.043478 0.043478 0.043478 0.086957 0.043478 0.043478 0.173913 
Blocking 0.283333 0.066667 0.016667 0.016667 0.066667 0.133333 0.133333 0.100000 0.033333 0.150000 
So 0.166667 0.166667 0.055556 0.055556 0.111111 0.166667 0.055556 0.055556 0.111111 0.055556 
super 0.117647 0.058824 0.117647 0.117647 0.117647 0.058824 0.058824 0.235294 0.058824 0.058824 
Works 0.133333 0.066667 0.066667 0.066667 0.133333 0.066667 0.133333 0.066667 0.200000 0.066667 
The 0.014706 0.279412 0.102941 0.220588 0.029412 0.014706 0.102941 0.058824 0.058824 0.117647 
Good 0.136364 0.090909 0.136364 0.090909 0.090909 0.090909 0.136364 0.045455 0.136364 0.045455 
I 0.102041 0.020408 0.142857 0.061224 0.183673 0.183673 0.224490 0.020408 0.020408 0.040816 
I'm 0.100000 0.275000 0.075000 0.025000 0.200000 0.100000 0.025000 0.050000 0.025000 0.125000 
Best 0.022727 0.022727 0.022727 0.363636 0.045455 0.136364 0.068182 0.227273 0.022727 0.068182 
This 0.367347 0.081633 0.061224 0.040816 0.102041 0.122449 0.040816 0.040816 0.020408 0.122449 
Does 0.111111 0.055556 0.277778 0.111111 0.055556 0.055556 0.055556 0.111111 0.055556 0.111111 
it 0.047619 0.095238 0.047619 0.095238 0.142857 0.238095 0.047619 0.190476 0.047619 0.047619 
excellent 0.214286 0.071429 0.071429 0.071429 0.071429 0.214286 0.071429 0.071429 0.071429 0.071429 
this 0.055556 0.166667 0.055556 0.055556 0.166667 0.166667 0.055556 0.055556 0.166667 0.055556 
For 0.038462 0.038462 0.038462 0.038462 0.134615 0.173077 0.019231 0.076923 0.211538 0.230769 
works 0.052632 0.105263 0.105263 0.052632 0.210526 0.157895 0.105263 0.052632 0.052632 0.105263 
unblievably 0.090909 0.090909 0.090909 0.090909 0.090909 0.090909 0.181818 0.090909 0.090909 0.090909 
This 0.115385 0.269231 0.038462 0.269231 0.076923 0.038462 0.076923 0.038462 0.038462 0.038462 
I 0.076923 0.076923 0.076923 0.076923 0.076923 0.307692 0.076923 0.076923 0.076923 0.076923 
Very 0.058824 0.117647 0.117647 0.117647 0.117647 0.117647 0.117647 0.058824 0.058824 0.117647 
It's 0.452055 0.027397 0.095890 0.054795 0.013699 0.109589 0.082192 0.041096 0.013699 0.109589 
No 0.150000 0.050000 0.100000 0.050000 0.100000 0.050000 0.050000 0.100000 0.200000 0.150000 
This 0.189189 0.243243 0.162162 0.027027 0.081081 0.027027 0.027027 0.027027 0.162162 0.054054 
I 0.024390 0.097561 0.097561 0.048780 0.219512 0.073171 0.146341 0.097561 0.097561 0.097561 
Adblock 0.010101 0.020202 0.336700 0.006734 0.033670 0.033670 0.269360 0.026936 0.252525 0.010101 
I've 0.102564 0.128205 0.153846 0.282051 0.025641 0.025641 0.051282 0.051282 0.025641 0.153846 
Love 0.133333 0.133333 0.200000 0.066667 0.033333 0.100000 0.133333 0.100000 0.066667 0.033333 
and 0.047619 0.063492 0.253968 0.015873 0.158730 0.079365 0.031746 0.158730 0.063492 0.126984 
Works 0.166667 0.111111 0.055556 0.055556 0.166667 0.055556 0.055556 0.055556 0.166667 0.111111 
Just 0.037037 0.296296 0.037037 0.074074 0.148148 0.074074 0.074074 0.148148 0.074074 0.037037 
Such 0.027778 0.083333 0.083333 0.083333 0.083333 0.027778 0.222222 0.166667 0.111111 0.111111 
I 0.125000 0.093750 0.218750 0.062500 0.015625 0.046875 0.031250 0.046875 0.125000 0.234375 
...awesome 0.038462 0.038462 0.192308 0.038462 0.038462 0.076923 0.076923 0.384615 0.076923 0.038462 
I 0.285714 0.014286 0.342857 0.071429 0.085714 0.028571 0.014286 0.114286 0.028571 0.014286 
Its 0.052632 0.105263 0.052632 0.052632 0.157895 0.105263 0.105263 0.157895 0.052632 0.157895 
Very 0.109091 0.018182 0.254545 0.018182 0.218182 0.163636 0.036364 0.036364 0.018182 0.127273 
I 0.106195 0.026549 0.194690 0.017699 0.079646 0.026549 0.203540 0.035398 0.008850 0.300885 
It 0.123457 0.111111 0.037037 0.049383 0.024691 0.333333 0.111111 0.024691 0.012346 0.172840 
I 0.033333 0.066667 0.433333 0.033333 0.066667 0.033333 0.066667 0.200000 0.033333 0.033333 
Is 0.057971 0.014493 0.347826 0.014493 0.057971 0.130435 0.028986 0.188406 0.130435 0.028986 
Simply 0.103448 0.034483 0.068966 0.034483 0.068966 0.172414 0.068966 0.275862 0.034483 0.137931 
I 0.090909 0.181818 0.121212 0.121212 0.030303 0.030303 0.090909 0.151515 0.151515 0.030303 
as 0.086957 0.043478 0.043478 0.043478 0.217391 0.217391 0.217391 0.043478 0.043478 0.043478 
This 0.048387 0.145161 0.241935 0.024194 0.048387 0.282258 0.008065 0.024194 0.048387 0.129032 
I 0.005650 0.225989 0.412429 0.005650 0.011299 0.016949 0.237288 0.045198 0.022599 0.016949 
Great 0.130435 0.057971 0.217391 0.014493 0.086957 0.318841 0.086957 0.014493 0.043478 0.028986 
Love 0.080000 0.060000 0.180000 0.020000 0.100000 0.020000 0.120000 0.060000 0.080000 0.280000 
It 0.047619 0.063492 0.174603 0.063492 0.015873 0.031746 0.269841 0.015873 0.015873 0.301587 
Does 0.083333 0.083333 0.138889 0.055556 0.027778 0.305556 0.083333 0.111111 0.027778 0.083333 
So 0.037736 0.226415 0.207547 0.056604 0.169811 0.037736 0.113208 0.018868 0.037736 0.094340 
I 0.025641 0.102564 0.102564 0.025641 0.076923 0.051282 0.102564 0.384615 0.051282 0.076923 
I've 0.378378 0.054054 0.054054 0.054054 0.081081 0.081081 0.108108 0.081081 0.027027 0.081081 
Hides 0.027027 0.027027 0.162162 0.162162 0.189189 0.081081 0.108108 0.108108 0.054054 0.081081 
After 0.040000 0.040000 0.080000 0.080000 0.040000 0.080000 0.160000 0.160000 0.240000 0.080000 
Gr8 0.090909 0.090909 0.181818 0.045455 0.136364 0.090909 0.181818 0.045455 0.090909 0.045455 
Terrific 0.018182 0.072727 0.018182 0.072727 0.400000 0.072727 0.054545 0.090909 0.181818 0.018182 
I 0.111111 0.222222 0.148148 0.074074 0.074074 0.037037 0.055556 0.018519 0.055556 0.203704 
Currently 0.129412 0.105882 0.129412 0.047059 0.023529 0.035294 0.011765 0.023529 0.023529 0.470588 
today 0.045455 0.090909 0.045455 0.022727 0.045455 0.068182 0.022727 0.409091 0.045455 0.204545 
DownloadHelper 0.028169 0.042254 0.154930 0.028169 0.070423 0.042254 0.126761 0.169014 0.056338 0.281690 
I 0.310345 0.068966 0.068966 0.034483 0.206897 0.068966 0.068966 0.068966 0.068966 0.034483 
It's 0.101695 0.033898 0.491525 0.050847 0.016949 0.016949 0.135593 0.118644 0.016949 0.016949 
Easy 0.040230 0.057471 0.310345 0.022989 0.005747 0.051724 0.373563 0.045977 0.074713 0.017241 
Love 0.034483 0.068966 0.068966 0.103448 0.206897 0.241379 0.068966 0.034483 0.137931 0.034483 
I 0.041667 0.041667 0.083333 0.500000 0.041667 0.041667 0.125000 0.041667 0.041667 0.041667 
This 0.093750 0.031250 0.031250 0.125000 0.031250 0.468750 0.031250 0.062500 0.031250 0.093750 
I 0.260274 0.082192 0.246575 0.068493 0.068493 0.109589 0.054795 0.013699 0.027397 0.068493 
the 0.117647 0.058824 0.117647 0.117647 0.058824 0.117647 0.058824 0.176471 0.117647 0.058824 
Thank 0.017544 0.035088 0.122807 0.017544 0.105263 0.105263 0.192982 0.087719 0.017544 0.298246 
For 0.111111 0.148148 0.037037 0.111111 0.074074 0.074074 0.037037 0.148148 0.037037 0.222222 
I've 0.045455 0.136364 0.045455 0.136364 0.045455 0.090909 0.045455 0.181818 0.045455 0.227273 
Funktioniert 0.071429 0.142857 0.071429 0.142857 0.071429 0.142857 0.142857 0.071429 0.071429 0.071429 
Best 0.300000 0.050000 0.050000 0.300000 0.050000 0.050000 0.050000 0.050000 0.050000 0.050000 
Excellent 0.071429 0.107143 0.285714 0.107143 0.071429 0.071429 0.035714 0.035714 0.071429 0.142857 
If 0.028986 0.188406 0.115942 0.086957 0.014493 0.086957 0.014493 0.115942 0.043478 0.304348 
I 0.050505 0.151515 0.050505 0.090909 0.101010 0.050505 0.080808 0.020202 0.151515 0.252525 
Wow 0.052632 0.052632 0.052632 0.052632 0.052632 0.210526 0.105263 0.052632 0.052632 0.315789 
I 0.037500 0.075000 0.287500 0.087500 0.012500 0.037500 0.062500 0.050000 0.087500 0.262500 
This 0.047619 0.023810 0.261905 0.119048 0.071429 0.047619 0.023810 0.333333 0.047619 0.023810 
A 0.150000 0.050000 0.300000 0.100000 0.050000 0.050000 0.050000 0.100000 0.050000 0.100000 
Finaly 0.120000 0.120000 0.160000 0.160000 0.040000 0.040000 0.080000 0.040000 0.200000 0.040000 
Works 0.238095 0.238095 0.047619 0.047619 0.095238 0.047619 0.047619 0.047619 0.047619 0.142857 
As 0.113402 0.041237 0.051546 0.092784 0.010309 0.092784 0.030928 0.020619 0.113402 0.432990 
my 0.013333 0.026667 0.040000 0.013333 0.093333 0.066667 0.226667 0.280000 0.040000 0.200000 
I 0.041096 0.082192 0.082192 0.123288 0.054795 0.232877 0.013699 0.041096 0.068493 0.260274 
Boy, 0.030303 0.121212 0.060606 0.121212 0.030303 0.181818 0.060606 0.030303 0.121212 0.242424 
I've 0.015385 0.261538 0.046154 0.015385 0.076923 0.092308 0.030769 0.276923 0.046154 0.138462 
Why 0.014085 0.084507 0.183099 0.239437 0.014085 0.028169 0.014085 0.014085 0.028169 0.380282 
Just 0.170732 0.146341 0.024390 0.097561 0.146341 0.073171 0.024390 0.121951 0.024390 0.170732 
This 0.083333 0.166667 0.208333 0.041667 0.166667 0.083333 0.083333 0.083333 0.041667 0.041667 
I've 0.014706 0.029412 0.220588 0.014706 0.029412 0.352941 0.220588 0.044118 0.058824 0.014706 
Adblock 0.098039 0.078431 0.117647 0.019608 0.039216 0.156863 0.039216 0.137255 0.176471 0.137255 
An 0.070000 0.050000 0.200000 0.070000 0.130000 0.210000 0.020000 0.020000 0.110000 0.120000 
This 0.090909 0.227273 0.136364 0.045455 0.090909 0.136364 0.045455 0.045455 0.045455 0.136364 
It 0.017241 0.034483 0.086207 0.120690 0.051724 0.034483 0.086207 0.137931 0.051724 0.379310 
For 0.116667 0.016667 0.066667 0.100000 0.066667 0.400000 0.016667 0.166667 0.016667 0.033333 
I 0.166667 0.055556 0.055556 0.055556 0.111111 0.111111 0.111111 0.166667 0.055556 0.111111 
worths 0.083333 0.083333 0.083333 0.166667 0.083333 0.083333 0.083333 0.083333 0.083333 0.166667 
This 0.018519 0.018519 0.500000 0.222222 0.037037 0.037037 0.074074 0.018519 0.018519 0.055556 
I 0.020000 0.340000 0.040000 0.060000 0.040000 0.140000 0.060000 0.020000 0.060000 0.220000 
Less 0.083333 0.125000 0.291667 0.125000 0.083333 0.041667 0.041667 0.041667 0.041667 0.125000 
that 0.080000 0.100000 0.440000 0.020000 0.020000 0.020000 0.020000 0.180000 0.060000 0.060000 
I 0.014925 0.014925 0.059701 0.343284 0.119403 0.014925 0.044776 0.014925 0.074627 0.298507 
really 0.083333 0.166667 0.083333 0.166667 0.083333 0.083333 0.083333 0.083333 0.083333 0.083333 
no 0.071429 0.142857 0.071429 0.214286 0.071429 0.071429 0.071429 0.071429 0.142857 0.071429 
Awesome 0.125000 0.062500 0.187500 0.062500 0.062500 0.062500 0.250000 0.062500 0.062500 0.062500 
Just 0.073171 0.024390 0.170732 0.024390 0.243902 0.024390 0.048780 0.024390 0.048780 0.317073 
Can't 0.166667 0.041667 0.041667 0.125000 0.083333 0.041667 0.041667 0.333333 0.083333 0.041667 
Anybody 0.028571 0.142857 0.257143 0.028571 0.028571 0.171429 0.114286 0.142857 0.028571 0.057143 
Just 0.064103 0.089744 0.128205 0.102564 0.089744 0.217949 0.038462 0.141026 0.064103 0.064103 
What 0.009009 0.009009 0.360360 0.189189 0.036036 0.036036 0.036036 0.135135 0.063063 0.126126 
I've 0.200000 0.160000 0.160000 0.040000 0.040000 0.120000 0.080000 0.040000 0.080000 0.080000 
Works 0.133333 0.133333 0.066667 0.133333 0.066667 0.066667 0.066667 0.066667 0.133333 0.133333 
this 0.040000 0.160000 0.280000 0.040000 0.040000 0.120000 0.080000 0.080000 0.080000 0.080000 
Carl, 0.160000 0.080000 0.160000 0.200000 0.120000 0.040000 0.080000 0.080000 0.040000 0.040000 
Forget 0.028169 0.070423 0.197183 0.056338 0.154930 0.323944 0.028169 0.014085 0.098592 0.028169 
This 0.023256 0.116279 0.046512 0.069767 0.023256 0.418605 0.116279 0.116279 0.046512 0.023256 
trabaja 0.058824 0.117647 0.117647 0.294118 0.117647 0.058824 0.058824 0.058824 0.058824 0.058824 
I've 0.371429 0.028571 0.142857 0.028571 0.142857 0.085714 0.085714 0.057143 0.028571 0.028571 
Does 0.074074 0.111111 0.037037 0.037037 0.037037 0.074074 0.222222 0.037037 0.074074 0.296296 
Superb. 0.200000 0.133333 0.066667 0.066667 0.066667 0.066667 0.133333 0.066667 0.066667 0.133333 
I 0.043011 0.053763 0.290323 0.032258 0.086022 0.236559 0.021505 0.010753 0.021505 0.204301 
I 0.047619 0.047619 0.047619 0.190476 0.047619 0.047619 0.142857 0.142857 0.142857 0.142857 
yes- 0.032110 0.091743 0.050459 0.004587 0.009174 0.027523 0.518349 0.068807 0.036697 0.160550 
Just 0.051724 0.068966 0.068966 0.189655 0.034483 0.120690 0.034483 0.172414 0.017241 0.241379 
This 0.133333 0.033333 0.033333 0.100000 0.100000 0.033333 0.200000 0.300000 0.033333 0.033333 
This 0.040000 0.040000 0.200000 0.040000 0.120000 0.200000 0.120000 0.040000 0.080000 0.120000 
its 0.291667 0.041667 0.041667 0.083333 0.041667 0.041667 0.125000 0.083333 0.041667 0.208333 
1001 0.133333 0.266667 0.066667 0.066667 0.066667 0.066667 0.066667 0.133333 0.066667 0.066667 
I've 0.048193 0.024096 0.277108 0.012048 0.120482 0.108434 0.048193 0.096386 0.084337 0.180723 
It 0.121212 0.060606 0.151515 0.030303 0.060606 0.121212 0.030303 0.030303 0.151515 0.242424 
Cleaner, 0.027027 0.135135 0.162162 0.324324 0.027027 0.027027 0.054054 0.054054 0.027027 0.162162 
For 0.023810 0.059524 0.178571 0.178571 0.023810 0.071429 0.107143 0.011905 0.166667 0.178571 
This 0.031250 0.031250 0.062500 0.031250 0.031250 0.125000 0.031250 0.093750 0.093750 0.468750 
Works 0.133333 0.066667 0.133333 0.066667 0.066667 0.066667 0.133333 0.133333 0.066667 0.133333 
Works 0.085714 0.028571 0.142857 0.085714 0.114286 0.028571 0.171429 0.114286 0.057143 0.171429 
I 0.095238 0.023810 0.238095 0.023810 0.023810 0.047619 0.142857 0.357143 0.023810 0.023810 
Together 0.150000 0.050000 0.250000 0.050000 0.050000 0.150000 0.100000 0.050000 0.050000 0.100000 
You 0.061947 0.097345 0.283186 0.026549 0.008850 0.274336 0.097345 0.088496 0.044248 0.017699 
As 0.111111 0.111111 0.222222 0.037037 0.037037 0.333333 0.037037 0.037037 0.037037 0.037037 
Easy, 0.076923 0.076923 0.076923 0.076923 0.076923 0.076923 0.153846 0.076923 0.230769 0.076923 
Not 0.076923 0.076923 0.230769 0.076923 0.076923 0.076923 0.153846 0.076923 0.076923 0.076923 
Flash 0.155172 0.017241 0.034483 0.017241 0.120690 0.120690 0.155172 0.275862 0.034483 0.068966 
Thumbs 0.266667 0.066667 0.066667 0.066667 0.066667 0.133333 0.066667 0.133333 0.066667 0.066667 
Just 0.105263 0.052632 0.157895 0.052632 0.263158 0.052632 0.052632 0.157895 0.052632 0.052632 
Greetings.This 0.400000 0.080000 0.040000 0.200000 0.080000 0.060000 0.040000 0.060000 0.020000 0.020000 
What 0.130435 0.130435 0.043478 0.173913 0.043478 0.217391 0.043478 0.043478 0.086957 0.086957 
Ads 0.115385 0.076923 0.038462 0.269231 0.192308 0.076923 0.076923 0.038462 0.076923 0.038462 
Excellent 0.083333 0.166667 0.083333 0.166667 0.083333 0.083333 0.083333 0.083333 0.083333 0.083333 
I 0.032258 0.032258 0.258065 0.032258 0.161290 0.161290 0.032258 0.129032 0.032258 0.129032 
really 0.090909 0.090909 0.181818 0.136364 0.045455 0.090909 0.181818 0.045455 0.090909 0.045455 
This 0.027397 0.027397 0.260274 0.054795 0.095890 0.041096 0.013699 0.013699 0.082192 0.383562 
I 0.138889 0.138889 0.027778 0.027778 0.083333 0.222222 0.027778 0.277778 0.027778 0.027778 
Adblock 0.031746 0.079365 0.460317 0.095238 0.031746 0.095238 0.063492 0.063492 0.063492 0.015873 
This 0.088889 0.066667 0.177778 0.022222 0.111111 0.044444 0.177778 0.088889 0.155556 0.066667 
Some 0.316456 0.037975 0.063291 0.025316 0.075949 0.025316 0.164557 0.113924 0.037975 0.139241 
Get 0.012000 0.008000 0.204000 0.012000 0.464000 0.016000 0.064000 0.028000 0.008000 0.184000 
After 0.041096 0.041096 0.301370 0.027397 0.027397 0.068493 0.013699 0.068493 0.315068 0.095890 
Adblock 0.064516 0.096774 0.387097 0.032258 0.032258 0.129032 0.161290 0.032258 0.032258 0.032258 
will 0.133333 0.066667 0.066667 0.066667 0.066667 0.066667 0.066667 0.200000 0.133333 0.133333 
websites 0.071429 0.071429 0.142857 0.142857 0.142857 0.071429 0.142857 0.071429 0.071429 0.071429 
This 0.093750 0.062500 0.187500 0.031250 0.156250 0.031250 0.062500 0.218750 0.031250 0.125000 
I 0.255319 0.021277 0.148936 0.042553 0.085106 0.085106 0.042553 0.148936 0.106383 0.063830 
After 0.034483 0.034483 0.034483 0.206897 0.034483 0.034483 0.034483 0.172414 0.103448 0.310345 
Of 0.096774 0.129032 0.387097 0.032258 0.064516 0.064516 0.064516 0.096774 0.032258 0.032258 
Works 0.076923 0.153846 0.076923 0.076923 0.076923 0.076923 0.076923 0.153846 0.076923 0.153846 
Superb, 0.090909 0.090909 0.045455 0.045455 0.181818 0.136364 0.045455 0.181818 0.136364 0.045455 
The 0.058824 0.058824 0.117647 0.058824 0.117647 0.176471 0.176471 0.058824 0.058824 0.117647 
I 0.142857 0.095238 0.142857 0.047619 0.142857 0.095238 0.047619 0.142857 0.047619 0.095238 
This 0.150000 0.100000 0.250000 0.050000 0.100000 0.050000 0.100000 0.100000 0.050000 0.050000 
An 0.025641 0.051282 0.358974 0.051282 0.128205 0.051282 0.051282 0.051282 0.025641 0.205128 
Got 0.021739 0.195652 0.065217 0.130435 0.021739 0.217391 0.130435 0.065217 0.021739 0.130435 
Its 0.142857 0.090909 0.038961 0.077922 0.064935 0.025974 0.051948 0.129870 0.142857 0.233766 
I 0.035714 0.071429 0.107143 0.035714 0.107143 0.107143 0.035714 0.071429 0.035714 0.392857 
Nice 0.083333 0.083333 0.083333 0.083333 0.166667 0.166667 0.083333 0.083333 0.083333 0.083333 
